85
5
0 [[1, 30001, 30100], [2, 30002, 30200], [3, 30003, 30300], [4, 30004, 30400]]
1 [[0, 30100, 30001], [5, 30105, 30501], [6, 30106, 30601], [7, 30107, 30701], [8, 30108, 30801]]
2 [[0, 30200, 30002], [9, 30209, 30902], [10, 30210, 31002], [11, 30211, 31102], [12, 30212, 31202]]
3 [[0, 30300, 30003], [13, 30313, 31303], [14, 30314, 31403], [15, 30315, 31503], [16, 30316, 31603]]
4 [[0, 30400, 30004], [17, 30417, 31704], [18, 30418, 31804], [19, 30419, 31904], [20, 30420, 32004]]
5 [[1, 30501, 30105], [21, 30521, 32105], [22, 30522, 32205], [23, 30523, 32305], [24, 30524, 32405]]
6 [[1, 30601, 30106], [25, 30625, 32506], [26, 30626, 32606], [27, 30627, 32706], [28, 30628, 32806]]
7 [[1, 30701, 30107], [29, 30729, 32907], [30, 30730, 33007], [31, 30731, 33107], [32, 30732, 33207]]
8 [[1, 30801, 30108], [33, 30833, 33308], [34, 30834, 33408], [35, 30835, 33508], [36, 30836, 33608]]
9 [[2, 30902, 30209], [37, 30937, 33709], [38, 30938, 33809], [39, 30939, 33909], [40, 30940, 34009]]
10 [[2, 31002, 30210], [41, 31041, 34110], [42, 31042, 34210], [43, 31043, 34310], [44, 31044, 34410]]
11 [[2, 31102, 30211], [45, 31145, 34511], [46, 31146, 34611], [47, 31147, 34711], [48, 31148, 34811]]
12 [[2, 31202, 30212], [49, 31249, 34912], [50, 31250, 35012], [51, 31251, 35112], [52, 31252, 35212]]
13 [[3, 31303, 30313], [53, 31353, 35313], [54, 31354, 35413], [55, 31355, 35513], [56, 31356, 35613]]
14 [[3, 31403, 30314], [57, 31457, 35714], [58, 31458, 35814], [59, 31459, 35914], [60, 31460, 36014]]
15 [[3, 31503, 30315], [61, 31561, 36115], [62, 31562, 36215], [63, 31563, 36315], [64, 31564, 36415]]
16 [[3, 31603, 30316], [65, 31665, 36516], [66, 31666, 36616], [67, 31667, 36716], [68, 31668, 36816]]
17 [[4, 31704, 30417], [69, 31769, 36917], [70, 31770, 37017], [71, 31771, 37117], [72, 31772, 37217]]
18 [[4, 31804, 30418], [73, 31873, 37318], [74, 31874, 37418], [75, 31875, 37518], [76, 31876, 37618]]
19 [[4, 31904, 30419], [77, 31977, 37719], [78, 31978, 37819], [79, 31979, 37919], [80, 31980, 38019]]
20 [[4, 32004, 30420], [81, 32081, 38120], [82, 32082, 38220], [83, 32083, 38320], [84, 32084, 38420]]
21 [[5, 32105, 30521]]
22 [[5, 32205, 30522]]
23 [[5, 32305, 30523]]
24 [[5, 32405, 30524]]
25 [[6, 32506, 30625]]
26 [[6, 32606, 30626]]
27 [[6, 32706, 30627]]
28 [[6, 32806, 30628]]
29 [[7, 32907, 30729]]
30 [[7, 33007, 30730]]
31 [[7, 33107, 30731]]
32 [[7, 33207, 30732]]
33 [[8, 33308, 30833]]
34 [[8, 33408, 30834]]
35 [[8, 33508, 30835]]
36 [[8, 33608, 30836]]
37 [[9, 33709, 30937]]
38 [[9, 33809, 30938]]
39 [[9, 33909, 30939]]
40 [[9, 34009, 30940]]
41 [[10, 34110, 31041]]
42 [[10, 34210, 31042]]
43 [[10, 34310, 31043]]
44 [[10, 34410, 31044]]
45 [[11, 34511, 31145]]
46 [[11, 34611, 31146]]
47 [[11, 34711, 31147]]
48 [[11, 34811, 31148]]
49 [[12, 34912, 31249]]
50 [[12, 35012, 31250]]
51 [[12, 35112, 31251]]
52 [[12, 35212, 31252]]
53 [[13, 35313, 31353]]
54 [[13, 35413, 31354]]
55 [[13, 35513, 31355]]
56 [[13, 35613, 31356]]
57 [[14, 35714, 31457]]
58 [[14, 35814, 31458]]
59 [[14, 35914, 31459]]
60 [[14, 36014, 31460]]
61 [[15, 36115, 31561]]
62 [[15, 36215, 31562]]
63 [[15, 36315, 31563]]
64 [[15, 36415, 31564]]
65 [[16, 36516, 31665]]
66 [[16, 36616, 31666]]
67 [[16, 36716, 31667]]
68 [[16, 36816, 31668]]
69 [[17, 36917, 31769]]
70 [[17, 37017, 31770]]
71 [[17, 37117, 31771]]
72 [[17, 37217, 31772]]
73 [[18, 37318, 31873]]
74 [[18, 37418, 31874]]
75 [[18, 37518, 31875]]
76 [[18, 37618, 31876]]
77 [[19, 37719, 31977]]
78 [[19, 37819, 31978]]
79 [[19, 37919, 31979]]
80 [[19, 38019, 31980]]
81 [[20, 38120, 32081]]
82 [[20, 38220, 32082]]
83 [[20, 38320, 32083]]
84 [[20, 38420, 32084]]