15
5
0 [[1, 30001, 30100], [2, 30002, 30200], [3, 30003, 30300], [4, 30004, 30400]]
1 [[0, 30100, 30001], [2, 30102, 30201], [3, 30103, 30301], [4, 30104, 30401]]
2 [[0, 30200, 30002], [1, 30201, 30102], [3, 30203, 30302], [4, 30204, 30402]]
3 [[0, 30300, 30003], [1, 30301, 30103], [2, 30302, 30203], [4, 30304, 30403]]
4 [[0, 30400, 30004], [1, 30401, 30104], [2, 30402, 30204], [3, 30403, 30304], [5, 30405, 30504]]
5 [[4, 30504, 30405], [6, 30506, 30605]]
6 [[5, 30605, 30506], [7, 30607, 30706]]
7 [[6, 30706, 30607], [8, 30708, 30807]]
8 [[7, 30807, 30708], [9, 30809, 30908]]
9 [[8, 30908, 30809], [10, 30910, 31009]]
10 [[9, 31009, 30910], [11, 31011, 31110], [12, 31012, 31210], [13, 31013, 31310], [14, 31014, 31410]]
11 [[10, 31110, 31011], [12, 31112, 31211], [13, 31113, 31311], [14, 31114, 31411]]
12 [[10, 31210, 31012], [11, 31211, 31112], [13, 31213, 31312], [14, 31214, 31412]]
13 [[10, 31310, 31013], [11, 31311, 31113], [12, 31312, 31213], [14, 31314, 31413]]
14 [[10, 31410, 31014], [11, 31411, 31114], [12, 31412, 31214], [13, 31413, 31314]]