70
25
0 [[1, 30001, 30100], [2, 30002, 30200], [3, 30003, 30300], [4, 30004, 30400], [5, 30005, 30500], [6, 30006, 30600], [7, 30007, 30700], [8, 30008, 30800], [9, 30009, 30900], [10, 30010, 31000], [11, 30011, 31100], [12, 30012, 31200], [13, 30013, 31300], [14, 30014, 31400], [15, 30015, 31500], [16, 30016, 31600], [17, 30017, 31700], [18, 30018, 31800], [19, 30019, 31900], [20, 30020, 32000], [21, 30021, 32100], [22, 30022, 32200], [23, 30023, 32300], [24, 30024, 32400]]
1 [[0, 30100, 30001], [2, 30102, 30201], [3, 30103, 30301], [4, 30104, 30401], [5, 30105, 30501], [6, 30106, 30601], [7, 30107, 30701], [8, 30108, 30801], [9, 30109, 30901], [10, 30110, 31001], [11, 30111, 31101], [12, 30112, 31201], [13, 30113, 31301], [14, 30114, 31401], [15, 30115, 31501], [16, 30116, 31601], [17, 30117, 31701], [18, 30118, 31801], [19, 30119, 31901], [20, 30120, 32001], [21, 30121, 32101], [22, 30122, 32201], [23, 30123, 32301], [24, 30124, 32401]]
2 [[0, 30200, 30002], [1, 30201, 30102], [3, 30203, 30302], [4, 30204, 30402], [5, 30205, 30502], [6, 30206, 30602], [7, 30207, 30702], [8, 30208, 30802], [9, 30209, 30902], [10, 30210, 31002], [11, 30211, 31102], [12, 30212, 31202], [13, 30213, 31302], [14, 30214, 31402], [15, 30215, 31502], [16, 30216, 31602], [17, 30217, 31702], [18, 30218, 31802], [19, 30219, 31902], [20, 30220, 32002], [21, 30221, 32102], [22, 30222, 32202], [23, 30223, 32302], [24, 30224, 32402]]
3 [[0, 30300, 30003], [1, 30301, 30103], [2, 30302, 30203], [4, 30304, 30403], [5, 30305, 30503], [6, 30306, 30603], [7, 30307, 30703], [8, 30308, 30803], [9, 30309, 30903], [10, 30310, 31003], [11, 30311, 31103], [12, 30312, 31203], [13, 30313, 31303], [14, 30314, 31403], [15, 30315, 31503], [16, 30316, 31603], [17, 30317, 31703], [18, 30318, 31803], [19, 30319, 31903], [20, 30320, 32003], [21, 30321, 32103], [22, 30322, 32203], [23, 30323, 32303], [24, 30324, 32403]]
4 [[0, 30400, 30004], [1, 30401, 30104], [2, 30402, 30204], [3, 30403, 30304], [5, 30405, 30504], [6, 30406, 30604], [7, 30407, 30704], [8, 30408, 30804], [9, 30409, 30904], [10, 30410, 31004], [11, 30411, 31104], [12, 30412, 31204], [13, 30413, 31304], [14, 30414, 31404], [15, 30415, 31504], [16, 30416, 31604], [17, 30417, 31704], [18, 30418, 31804], [19, 30419, 31904], [20, 30420, 32004], [21, 30421, 32104], [22, 30422, 32204], [23, 30423, 32304], [24, 30424, 32404]]
5 [[0, 30500, 30005], [1, 30501, 30105], [2, 30502, 30205], [3, 30503, 30305], [4, 30504, 30405], [6, 30506, 30605], [7, 30507, 30705], [8, 30508, 30805], [9, 30509, 30905], [10, 30510, 31005], [11, 30511, 31105], [12, 30512, 31205], [13, 30513, 31305], [14, 30514, 31405], [15, 30515, 31505], [16, 30516, 31605], [17, 30517, 31705], [18, 30518, 31805], [19, 30519, 31905], [20, 30520, 32005], [21, 30521, 32105], [22, 30522, 32205], [23, 30523, 32305], [24, 30524, 32405]]
6 [[0, 30600, 30006], [1, 30601, 30106], [2, 30602, 30206], [3, 30603, 30306], [4, 30604, 30406], [5, 30605, 30506], [7, 30607, 30706], [8, 30608, 30806], [9, 30609, 30906], [10, 30610, 31006], [11, 30611, 31106], [12, 30612, 31206], [13, 30613, 31306], [14, 30614, 31406], [15, 30615, 31506], [16, 30616, 31606], [17, 30617, 31706], [18, 30618, 31806], [19, 30619, 31906], [20, 30620, 32006], [21, 30621, 32106], [22, 30622, 32206], [23, 30623, 32306], [24, 30624, 32406]]
7 [[0, 30700, 30007], [1, 30701, 30107], [2, 30702, 30207], [3, 30703, 30307], [4, 30704, 30407], [5, 30705, 30507], [6, 30706, 30607], [8, 30708, 30807], [9, 30709, 30907], [10, 30710, 31007], [11, 30711, 31107], [12, 30712, 31207], [13, 30713, 31307], [14, 30714, 31407], [15, 30715, 31507], [16, 30716, 31607], [17, 30717, 31707], [18, 30718, 31807], [19, 30719, 31907], [20, 30720, 32007], [21, 30721, 32107], [22, 30722, 32207], [23, 30723, 32307], [24, 30724, 32407]]
8 [[0, 30800, 30008], [1, 30801, 30108], [2, 30802, 30208], [3, 30803, 30308], [4, 30804, 30408], [5, 30805, 30508], [6, 30806, 30608], [7, 30807, 30708], [9, 30809, 30908], [10, 30810, 31008], [11, 30811, 31108], [12, 30812, 31208], [13, 30813, 31308], [14, 30814, 31408], [15, 30815, 31508], [16, 30816, 31608], [17, 30817, 31708], [18, 30818, 31808], [19, 30819, 31908], [20, 30820, 32008], [21, 30821, 32108], [22, 30822, 32208], [23, 30823, 32308], [24, 30824, 32408]]
9 [[0, 30900, 30009], [1, 30901, 30109], [2, 30902, 30209], [3, 30903, 30309], [4, 30904, 30409], [5, 30905, 30509], [6, 30906, 30609], [7, 30907, 30709], [8, 30908, 30809], [10, 30910, 31009], [11, 30911, 31109], [12, 30912, 31209], [13, 30913, 31309], [14, 30914, 31409], [15, 30915, 31509], [16, 30916, 31609], [17, 30917, 31709], [18, 30918, 31809], [19, 30919, 31909], [20, 30920, 32009], [21, 30921, 32109], [22, 30922, 32209], [23, 30923, 32309], [24, 30924, 32409]]
10 [[0, 31000, 30010], [1, 31001, 30110], [2, 31002, 30210], [3, 31003, 30310], [4, 31004, 30410], [5, 31005, 30510], [6, 31006, 30610], [7, 31007, 30710], [8, 31008, 30810], [9, 31009, 30910], [11, 31011, 31110], [12, 31012, 31210], [13, 31013, 31310], [14, 31014, 31410], [15, 31015, 31510], [16, 31016, 31610], [17, 31017, 31710], [18, 31018, 31810], [19, 31019, 31910], [20, 31020, 32010], [21, 31021, 32110], [22, 31022, 32210], [23, 31023, 32310], [24, 31024, 32410]]
11 [[0, 31100, 30011], [1, 31101, 30111], [2, 31102, 30211], [3, 31103, 30311], [4, 31104, 30411], [5, 31105, 30511], [6, 31106, 30611], [7, 31107, 30711], [8, 31108, 30811], [9, 31109, 30911], [10, 31110, 31011], [12, 31112, 31211], [13, 31113, 31311], [14, 31114, 31411], [15, 31115, 31511], [16, 31116, 31611], [17, 31117, 31711], [18, 31118, 31811], [19, 31119, 31911], [20, 31120, 32011], [21, 31121, 32111], [22, 31122, 32211], [23, 31123, 32311], [24, 31124, 32411]]
12 [[0, 31200, 30012], [1, 31201, 30112], [2, 31202, 30212], [3, 31203, 30312], [4, 31204, 30412], [5, 31205, 30512], [6, 31206, 30612], [7, 31207, 30712], [8, 31208, 30812], [9, 31209, 30912], [10, 31210, 31012], [11, 31211, 31112], [13, 31213, 31312], [14, 31214, 31412], [15, 31215, 31512], [16, 31216, 31612], [17, 31217, 31712], [18, 31218, 31812], [19, 31219, 31912], [20, 31220, 32012], [21, 31221, 32112], [22, 31222, 32212], [23, 31223, 32312], [24, 31224, 32412]]
13 [[0, 31300, 30013], [1, 31301, 30113], [2, 31302, 30213], [3, 31303, 30313], [4, 31304, 30413], [5, 31305, 30513], [6, 31306, 30613], [7, 31307, 30713], [8, 31308, 30813], [9, 31309, 30913], [10, 31310, 31013], [11, 31311, 31113], [12, 31312, 31213], [14, 31314, 31413], [15, 31315, 31513], [16, 31316, 31613], [17, 31317, 31713], [18, 31318, 31813], [19, 31319, 31913], [20, 31320, 32013], [21, 31321, 32113], [22, 31322, 32213], [23, 31323, 32313], [24, 31324, 32413]]
14 [[0, 31400, 30014], [1, 31401, 30114], [2, 31402, 30214], [3, 31403, 30314], [4, 31404, 30414], [5, 31405, 30514], [6, 31406, 30614], [7, 31407, 30714], [8, 31408, 30814], [9, 31409, 30914], [10, 31410, 31014], [11, 31411, 31114], [12, 31412, 31214], [13, 31413, 31314], [15, 31415, 31514], [16, 31416, 31614], [17, 31417, 31714], [18, 31418, 31814], [19, 31419, 31914], [20, 31420, 32014], [21, 31421, 32114], [22, 31422, 32214], [23, 31423, 32314], [24, 31424, 32414]]
15 [[0, 31500, 30015], [1, 31501, 30115], [2, 31502, 30215], [3, 31503, 30315], [4, 31504, 30415], [5, 31505, 30515], [6, 31506, 30615], [7, 31507, 30715], [8, 31508, 30815], [9, 31509, 30915], [10, 31510, 31015], [11, 31511, 31115], [12, 31512, 31215], [13, 31513, 31315], [14, 31514, 31415], [16, 31516, 31615], [17, 31517, 31715], [18, 31518, 31815], [19, 31519, 31915], [20, 31520, 32015], [21, 31521, 32115], [22, 31522, 32215], [23, 31523, 32315], [24, 31524, 32415]]
16 [[0, 31600, 30016], [1, 31601, 30116], [2, 31602, 30216], [3, 31603, 30316], [4, 31604, 30416], [5, 31605, 30516], [6, 31606, 30616], [7, 31607, 30716], [8, 31608, 30816], [9, 31609, 30916], [10, 31610, 31016], [11, 31611, 31116], [12, 31612, 31216], [13, 31613, 31316], [14, 31614, 31416], [15, 31615, 31516], [17, 31617, 31716], [18, 31618, 31816], [19, 31619, 31916], [20, 31620, 32016], [21, 31621, 32116], [22, 31622, 32216], [23, 31623, 32316], [24, 31624, 32416]]
17 [[0, 31700, 30017], [1, 31701, 30117], [2, 31702, 30217], [3, 31703, 30317], [4, 31704, 30417], [5, 31705, 30517], [6, 31706, 30617], [7, 31707, 30717], [8, 31708, 30817], [9, 31709, 30917], [10, 31710, 31017], [11, 31711, 31117], [12, 31712, 31217], [13, 31713, 31317], [14, 31714, 31417], [15, 31715, 31517], [16, 31716, 31617], [18, 31718, 31817], [19, 31719, 31917], [20, 31720, 32017], [21, 31721, 32117], [22, 31722, 32217], [23, 31723, 32317], [24, 31724, 32417]]
18 [[0, 31800, 30018], [1, 31801, 30118], [2, 31802, 30218], [3, 31803, 30318], [4, 31804, 30418], [5, 31805, 30518], [6, 31806, 30618], [7, 31807, 30718], [8, 31808, 30818], [9, 31809, 30918], [10, 31810, 31018], [11, 31811, 31118], [12, 31812, 31218], [13, 31813, 31318], [14, 31814, 31418], [15, 31815, 31518], [16, 31816, 31618], [17, 31817, 31718], [19, 31819, 31918], [20, 31820, 32018], [21, 31821, 32118], [22, 31822, 32218], [23, 31823, 32318], [24, 31824, 32418]]
19 [[0, 31900, 30019], [1, 31901, 30119], [2, 31902, 30219], [3, 31903, 30319], [4, 31904, 30419], [5, 31905, 30519], [6, 31906, 30619], [7, 31907, 30719], [8, 31908, 30819], [9, 31909, 30919], [10, 31910, 31019], [11, 31911, 31119], [12, 31912, 31219], [13, 31913, 31319], [14, 31914, 31419], [15, 31915, 31519], [16, 31916, 31619], [17, 31917, 31719], [18, 31918, 31819], [20, 31920, 32019], [21, 31921, 32119], [22, 31922, 32219], [23, 31923, 32319], [24, 31924, 32419]]
20 [[0, 32000, 30020], [1, 32001, 30120], [2, 32002, 30220], [3, 32003, 30320], [4, 32004, 30420], [5, 32005, 30520], [6, 32006, 30620], [7, 32007, 30720], [8, 32008, 30820], [9, 32009, 30920], [10, 32010, 31020], [11, 32011, 31120], [12, 32012, 31220], [13, 32013, 31320], [14, 32014, 31420], [15, 32015, 31520], [16, 32016, 31620], [17, 32017, 31720], [18, 32018, 31820], [19, 32019, 31920], [21, 32021, 32120], [22, 32022, 32220], [23, 32023, 32320], [24, 32024, 32420]]
21 [[0, 32100, 30021], [1, 32101, 30121], [2, 32102, 30221], [3, 32103, 30321], [4, 32104, 30421], [5, 32105, 30521], [6, 32106, 30621], [7, 32107, 30721], [8, 32108, 30821], [9, 32109, 30921], [10, 32110, 31021], [11, 32111, 31121], [12, 32112, 31221], [13, 32113, 31321], [14, 32114, 31421], [15, 32115, 31521], [16, 32116, 31621], [17, 32117, 31721], [18, 32118, 31821], [19, 32119, 31921], [20, 32120, 32021], [22, 32122, 32221], [23, 32123, 32321], [24, 32124, 32421]]
22 [[0, 32200, 30022], [1, 32201, 30122], [2, 32202, 30222], [3, 32203, 30322], [4, 32204, 30422], [5, 32205, 30522], [6, 32206, 30622], [7, 32207, 30722], [8, 32208, 30822], [9, 32209, 30922], [10, 32210, 31022], [11, 32211, 31122], [12, 32212, 31222], [13, 32213, 31322], [14, 32214, 31422], [15, 32215, 31522], [16, 32216, 31622], [17, 32217, 31722], [18, 32218, 31822], [19, 32219, 31922], [20, 32220, 32022], [21, 32221, 32122], [23, 32223, 32322], [24, 32224, 32422]]
23 [[0, 32300, 30023], [1, 32301, 30123], [2, 32302, 30223], [3, 32303, 30323], [4, 32304, 30423], [5, 32305, 30523], [6, 32306, 30623], [7, 32307, 30723], [8, 32308, 30823], [9, 32309, 30923], [10, 32310, 31023], [11, 32311, 31123], [12, 32312, 31223], [13, 32313, 31323], [14, 32314, 31423], [15, 32315, 31523], [16, 32316, 31623], [17, 32317, 31723], [18, 32318, 31823], [19, 32319, 31923], [20, 32320, 32023], [21, 32321, 32123], [22, 32322, 32223], [24, 32324, 32423]]
24 [[0, 32400, 30024], [1, 32401, 30124], [2, 32402, 30224], [3, 32403, 30324], [4, 32404, 30424], [5, 32405, 30524], [6, 32406, 30624], [7, 32407, 30724], [8, 32408, 30824], [9, 32409, 30924], [10, 32410, 31024], [11, 32411, 31124], [12, 32412, 31224], [13, 32413, 31324], [14, 32414, 31424], [15, 32415, 31524], [16, 32416, 31624], [17, 32417, 31724], [18, 32418, 31824], [19, 32419, 31924], [20, 32420, 32024], [21, 32421, 32124], [22, 32422, 32224], [23, 32423, 32324], [25, 32425, 32524]]
25 [[24, 32524, 32425], [26, 32526, 32625]]
26 [[25, 32625, 32526], [27, 32627, 32726]]
27 [[26, 32726, 32627], [28, 32728, 32827]]
28 [[27, 32827, 32728], [29, 32829, 32928]]
29 [[28, 32928, 32829], [30, 32930, 33029]]
30 [[29, 33029, 32930], [31, 33031, 33130]]
31 [[30, 33130, 33031], [32, 33132, 33231]]
32 [[31, 33231, 33132], [33, 33233, 33332]]
33 [[32, 33332, 33233], [34, 33334, 33433]]
34 [[33, 33433, 33334], [35, 33435, 33534]]
35 [[34, 33534, 33435], [36, 33536, 33635]]
36 [[35, 33635, 33536], [37, 33637, 33736]]
37 [[36, 33736, 33637], [38, 33738, 33837]]
38 [[37, 33837, 33738], [39, 33839, 33938]]
39 [[38, 33938, 33839], [40, 33940, 34039]]
40 [[39, 34039, 33940], [41, 34041, 34140]]
41 [[40, 34140, 34041], [42, 34142, 34241]]
42 [[41, 34241, 34142], [43, 34243, 34342]]
43 [[42, 34342, 34243], [44, 34344, 34443]]
44 [[43, 34443, 34344], [45, 34445, 34544]]
45 [[44, 34544, 34445], [46, 34546, 34645], [47, 34547, 34745], [48, 34548, 34845], [49, 34549, 34945], [50, 34550, 35045], [51, 34551, 35145], [52, 34552, 35245], [53, 34553, 35345], [54, 34554, 35445], [55, 34555, 35545], [56, 34556, 35645], [57, 34557, 35745], [58, 34558, 35845], [59, 34559, 35945], [60, 34560, 36045], [61, 34561, 36145], [62, 34562, 36245], [63, 34563, 36345], [64, 34564, 36445], [65, 34565, 36545], [66, 34566, 36645], [67, 34567, 36745], [68, 34568, 36845], [69, 34569, 36945]]
46 [[45, 34645, 34546], [47, 34647, 34746], [48, 34648, 34846], [49, 34649, 34946], [50, 34650, 35046], [51, 34651, 35146], [52, 34652, 35246], [53, 34653, 35346], [54, 34654, 35446], [55, 34655, 35546], [56, 34656, 35646], [57, 34657, 35746], [58, 34658, 35846], [59, 34659, 35946], [60, 34660, 36046], [61, 34661, 36146], [62, 34662, 36246], [63, 34663, 36346], [64, 34664, 36446], [65, 34665, 36546], [66, 34666, 36646], [67, 34667, 36746], [68, 34668, 36846], [69, 34669, 36946]]
47 [[45, 34745, 34547], [46, 34746, 34647], [48, 34748, 34847], [49, 34749, 34947], [50, 34750, 35047], [51, 34751, 35147], [52, 34752, 35247], [53, 34753, 35347], [54, 34754, 35447], [55, 34755, 35547], [56, 34756, 35647], [57, 34757, 35747], [58, 34758, 35847], [59, 34759, 35947], [60, 34760, 36047], [61, 34761, 36147], [62, 34762, 36247], [63, 34763, 36347], [64, 34764, 36447], [65, 34765, 36547], [66, 34766, 36647], [67, 34767, 36747], [68, 34768, 36847], [69, 34769, 36947]]
48 [[45, 34845, 34548], [46, 34846, 34648], [47, 34847, 34748], [49, 34849, 34948], [50, 34850, 35048], [51, 34851, 35148], [52, 34852, 35248], [53, 34853, 35348], [54, 34854, 35448], [55, 34855, 35548], [56, 34856, 35648], [57, 34857, 35748], [58, 34858, 35848], [59, 34859, 35948], [60, 34860, 36048], [61, 34861, 36148], [62, 34862, 36248], [63, 34863, 36348], [64, 34864, 36448], [65, 34865, 36548], [66, 34866, 36648], [67, 34867, 36748], [68, 34868, 36848], [69, 34869, 36948]]
49 [[45, 34945, 34549], [46, 34946, 34649], [47, 34947, 34749], [48, 34948, 34849], [50, 34950, 35049], [51, 34951, 35149], [52, 34952, 35249], [53, 34953, 35349], [54, 34954, 35449], [55, 34955, 35549], [56, 34956, 35649], [57, 34957, 35749], [58, 34958, 35849], [59, 34959, 35949], [60, 34960, 36049], [61, 34961, 36149], [62, 34962, 36249], [63, 34963, 36349], [64, 34964, 36449], [65, 34965, 36549], [66, 34966, 36649], [67, 34967, 36749], [68, 34968, 36849], [69, 34969, 36949]]
50 [[45, 35045, 34550], [46, 35046, 34650], [47, 35047, 34750], [48, 35048, 34850], [49, 35049, 34950], [51, 35051, 35150], [52, 35052, 35250], [53, 35053, 35350], [54, 35054, 35450], [55, 35055, 35550], [56, 35056, 35650], [57, 35057, 35750], [58, 35058, 35850], [59, 35059, 35950], [60, 35060, 36050], [61, 35061, 36150], [62, 35062, 36250], [63, 35063, 36350], [64, 35064, 36450], [65, 35065, 36550], [66, 35066, 36650], [67, 35067, 36750], [68, 35068, 36850], [69, 35069, 36950]]
51 [[45, 35145, 34551], [46, 35146, 34651], [47, 35147, 34751], [48, 35148, 34851], [49, 35149, 34951], [50, 35150, 35051], [52, 35152, 35251], [53, 35153, 35351], [54, 35154, 35451], [55, 35155, 35551], [56, 35156, 35651], [57, 35157, 35751], [58, 35158, 35851], [59, 35159, 35951], [60, 35160, 36051], [61, 35161, 36151], [62, 35162, 36251], [63, 35163, 36351], [64, 35164, 36451], [65, 35165, 36551], [66, 35166, 36651], [67, 35167, 36751], [68, 35168, 36851], [69, 35169, 36951]]
52 [[45, 35245, 34552], [46, 35246, 34652], [47, 35247, 34752], [48, 35248, 34852], [49, 35249, 34952], [50, 35250, 35052], [51, 35251, 35152], [53, 35253, 35352], [54, 35254, 35452], [55, 35255, 35552], [56, 35256, 35652], [57, 35257, 35752], [58, 35258, 35852], [59, 35259, 35952], [60, 35260, 36052], [61, 35261, 36152], [62, 35262, 36252], [63, 35263, 36352], [64, 35264, 36452], [65, 35265, 36552], [66, 35266, 36652], [67, 35267, 36752], [68, 35268, 36852], [69, 35269, 36952]]
53 [[45, 35345, 34553], [46, 35346, 34653], [47, 35347, 34753], [48, 35348, 34853], [49, 35349, 34953], [50, 35350, 35053], [51, 35351, 35153], [52, 35352, 35253], [54, 35354, 35453], [55, 35355, 35553], [56, 35356, 35653], [57, 35357, 35753], [58, 35358, 35853], [59, 35359, 35953], [60, 35360, 36053], [61, 35361, 36153], [62, 35362, 36253], [63, 35363, 36353], [64, 35364, 36453], [65, 35365, 36553], [66, 35366, 36653], [67, 35367, 36753], [68, 35368, 36853], [69, 35369, 36953]]
54 [[45, 35445, 34554], [46, 35446, 34654], [47, 35447, 34754], [48, 35448, 34854], [49, 35449, 34954], [50, 35450, 35054], [51, 35451, 35154], [52, 35452, 35254], [53, 35453, 35354], [55, 35455, 35554], [56, 35456, 35654], [57, 35457, 35754], [58, 35458, 35854], [59, 35459, 35954], [60, 35460, 36054], [61, 35461, 36154], [62, 35462, 36254], [63, 35463, 36354], [64, 35464, 36454], [65, 35465, 36554], [66, 35466, 36654], [67, 35467, 36754], [68, 35468, 36854], [69, 35469, 36954]]
55 [[45, 35545, 34555], [46, 35546, 34655], [47, 35547, 34755], [48, 35548, 34855], [49, 35549, 34955], [50, 35550, 35055], [51, 35551, 35155], [52, 35552, 35255], [53, 35553, 35355], [54, 35554, 35455], [56, 35556, 35655], [57, 35557, 35755], [58, 35558, 35855], [59, 35559, 35955], [60, 35560, 36055], [61, 35561, 36155], [62, 35562, 36255], [63, 35563, 36355], [64, 35564, 36455], [65, 35565, 36555], [66, 35566, 36655], [67, 35567, 36755], [68, 35568, 36855], [69, 35569, 36955]]
56 [[45, 35645, 34556], [46, 35646, 34656], [47, 35647, 34756], [48, 35648, 34856], [49, 35649, 34956], [50, 35650, 35056], [51, 35651, 35156], [52, 35652, 35256], [53, 35653, 35356], [54, 35654, 35456], [55, 35655, 35556], [57, 35657, 35756], [58, 35658, 35856], [59, 35659, 35956], [60, 35660, 36056], [61, 35661, 36156], [62, 35662, 36256], [63, 35663, 36356], [64, 35664, 36456], [65, 35665, 36556], [66, 35666, 36656], [67, 35667, 36756], [68, 35668, 36856], [69, 35669, 36956]]
57 [[45, 35745, 34557], [46, 35746, 34657], [47, 35747, 34757], [48, 35748, 34857], [49, 35749, 34957], [50, 35750, 35057], [51, 35751, 35157], [52, 35752, 35257], [53, 35753, 35357], [54, 35754, 35457], [55, 35755, 35557], [56, 35756, 35657], [58, 35758, 35857], [59, 35759, 35957], [60, 35760, 36057], [61, 35761, 36157], [62, 35762, 36257], [63, 35763, 36357], [64, 35764, 36457], [65, 35765, 36557], [66, 35766, 36657], [67, 35767, 36757], [68, 35768, 36857], [69, 35769, 36957]]
58 [[45, 35845, 34558], [46, 35846, 34658], [47, 35847, 34758], [48, 35848, 34858], [49, 35849, 34958], [50, 35850, 35058], [51, 35851, 35158], [52, 35852, 35258], [53, 35853, 35358], [54, 35854, 35458], [55, 35855, 35558], [56, 35856, 35658], [57, 35857, 35758], [59, 35859, 35958], [60, 35860, 36058], [61, 35861, 36158], [62, 35862, 36258], [63, 35863, 36358], [64, 35864, 36458], [65, 35865, 36558], [66, 35866, 36658], [67, 35867, 36758], [68, 35868, 36858], [69, 35869, 36958]]
59 [[45, 35945, 34559], [46, 35946, 34659], [47, 35947, 34759], [48, 35948, 34859], [49, 35949, 34959], [50, 35950, 35059], [51, 35951, 35159], [52, 35952, 35259], [53, 35953, 35359], [54, 35954, 35459], [55, 35955, 35559], [56, 35956, 35659], [57, 35957, 35759], [58, 35958, 35859], [60, 35960, 36059], [61, 35961, 36159], [62, 35962, 36259], [63, 35963, 36359], [64, 35964, 36459], [65, 35965, 36559], [66, 35966, 36659], [67, 35967, 36759], [68, 35968, 36859], [69, 35969, 36959]]
60 [[45, 36045, 34560], [46, 36046, 34660], [47, 36047, 34760], [48, 36048, 34860], [49, 36049, 34960], [50, 36050, 35060], [51, 36051, 35160], [52, 36052, 35260], [53, 36053, 35360], [54, 36054, 35460], [55, 36055, 35560], [56, 36056, 35660], [57, 36057, 35760], [58, 36058, 35860], [59, 36059, 35960], [61, 36061, 36160], [62, 36062, 36260], [63, 36063, 36360], [64, 36064, 36460], [65, 36065, 36560], [66, 36066, 36660], [67, 36067, 36760], [68, 36068, 36860], [69, 36069, 36960]]
61 [[45, 36145, 34561], [46, 36146, 34661], [47, 36147, 34761], [48, 36148, 34861], [49, 36149, 34961], [50, 36150, 35061], [51, 36151, 35161], [52, 36152, 35261], [53, 36153, 35361], [54, 36154, 35461], [55, 36155, 35561], [56, 36156, 35661], [57, 36157, 35761], [58, 36158, 35861], [59, 36159, 35961], [60, 36160, 36061], [62, 36162, 36261], [63, 36163, 36361], [64, 36164, 36461], [65, 36165, 36561], [66, 36166, 36661], [67, 36167, 36761], [68, 36168, 36861], [69, 36169, 36961]]
62 [[45, 36245, 34562], [46, 36246, 34662], [47, 36247, 34762], [48, 36248, 34862], [49, 36249, 34962], [50, 36250, 35062], [51, 36251, 35162], [52, 36252, 35262], [53, 36253, 35362], [54, 36254, 35462], [55, 36255, 35562], [56, 36256, 35662], [57, 36257, 35762], [58, 36258, 35862], [59, 36259, 35962], [60, 36260, 36062], [61, 36261, 36162], [63, 36263, 36362], [64, 36264, 36462], [65, 36265, 36562], [66, 36266, 36662], [67, 36267, 36762], [68, 36268, 36862], [69, 36269, 36962]]
63 [[45, 36345, 34563], [46, 36346, 34663], [47, 36347, 34763], [48, 36348, 34863], [49, 36349, 34963], [50, 36350, 35063], [51, 36351, 35163], [52, 36352, 35263], [53, 36353, 35363], [54, 36354, 35463], [55, 36355, 35563], [56, 36356, 35663], [57, 36357, 35763], [58, 36358, 35863], [59, 36359, 35963], [60, 36360, 36063], [61, 36361, 36163], [62, 36362, 36263], [64, 36364, 36463], [65, 36365, 36563], [66, 36366, 36663], [67, 36367, 36763], [68, 36368, 36863], [69, 36369, 36963]]
64 [[45, 36445, 34564], [46, 36446, 34664], [47, 36447, 34764], [48, 36448, 34864], [49, 36449, 34964], [50, 36450, 35064], [51, 36451, 35164], [52, 36452, 35264], [53, 36453, 35364], [54, 36454, 35464], [55, 36455, 35564], [56, 36456, 35664], [57, 36457, 35764], [58, 36458, 35864], [59, 36459, 35964], [60, 36460, 36064], [61, 36461, 36164], [62, 36462, 36264], [63, 36463, 36364], [65, 36465, 36564], [66, 36466, 36664], [67, 36467, 36764], [68, 36468, 36864], [69, 36469, 36964]]
65 [[45, 36545, 34565], [46, 36546, 34665], [47, 36547, 34765], [48, 36548, 34865], [49, 36549, 34965], [50, 36550, 35065], [51, 36551, 35165], [52, 36552, 35265], [53, 36553, 35365], [54, 36554, 35465], [55, 36555, 35565], [56, 36556, 35665], [57, 36557, 35765], [58, 36558, 35865], [59, 36559, 35965], [60, 36560, 36065], [61, 36561, 36165], [62, 36562, 36265], [63, 36563, 36365], [64, 36564, 36465], [66, 36566, 36665], [67, 36567, 36765], [68, 36568, 36865], [69, 36569, 36965]]
66 [[45, 36645, 34566], [46, 36646, 34666], [47, 36647, 34766], [48, 36648, 34866], [49, 36649, 34966], [50, 36650, 35066], [51, 36651, 35166], [52, 36652, 35266], [53, 36653, 35366], [54, 36654, 35466], [55, 36655, 35566], [56, 36656, 35666], [57, 36657, 35766], [58, 36658, 35866], [59, 36659, 35966], [60, 36660, 36066], [61, 36661, 36166], [62, 36662, 36266], [63, 36663, 36366], [64, 36664, 36466], [65, 36665, 36566], [67, 36667, 36766], [68, 36668, 36866], [69, 36669, 36966]]
67 [[45, 36745, 34567], [46, 36746, 34667], [47, 36747, 34767], [48, 36748, 34867], [49, 36749, 34967], [50, 36750, 35067], [51, 36751, 35167], [52, 36752, 35267], [53, 36753, 35367], [54, 36754, 35467], [55, 36755, 35567], [56, 36756, 35667], [57, 36757, 35767], [58, 36758, 35867], [59, 36759, 35967], [60, 36760, 36067], [61, 36761, 36167], [62, 36762, 36267], [63, 36763, 36367], [64, 36764, 36467], [65, 36765, 36567], [66, 36766, 36667], [68, 36768, 36867], [69, 36769, 36967]]
68 [[45, 36845, 34568], [46, 36846, 34668], [47, 36847, 34768], [48, 36848, 34868], [49, 36849, 34968], [50, 36850, 35068], [51, 36851, 35168], [52, 36852, 35268], [53, 36853, 35368], [54, 36854, 35468], [55, 36855, 35568], [56, 36856, 35668], [57, 36857, 35768], [58, 36858, 35868], [59, 36859, 35968], [60, 36860, 36068], [61, 36861, 36168], [62, 36862, 36268], [63, 36863, 36368], [64, 36864, 36468], [65, 36865, 36568], [66, 36866, 36668], [67, 36867, 36768], [69, 36869, 36968]]
69 [[45, 36945, 34569], [46, 36946, 34669], [47, 36947, 34769], [48, 36948, 34869], [49, 36949, 34969], [50, 36950, 35069], [51, 36951, 35169], [52, 36952, 35269], [53, 36953, 35369], [54, 36954, 35469], [55, 36955, 35569], [56, 36956, 35669], [57, 36957, 35769], [58, 36958, 35869], [59, 36959, 35969], [60, 36960, 36069], [61, 36961, 36169], [62, 36962, 36269], [63, 36963, 36369], [64, 36964, 36469], [65, 36965, 36569], [66, 36966, 36669], [67, 36967, 36769], [68, 36968, 36869]]
