14
3
0 [[1, 30001, 30100], [5, 30005, 30500], [13, 30013, 31300]]
1 [[0, 30100, 30001], [2, 30102, 30201], [10, 30110, 31001]]
2 [[1, 30201, 30102], [3, 30203, 30302], [7, 30207, 30702]]
3 [[2, 30302, 30203], [4, 30304, 30403], [12, 30312, 31203]]
4 [[3, 30403, 30304], [5, 30405, 30504], [9, 30409, 30904]]
5 [[0, 30500, 30005], [4, 30504, 30405], [6, 30506, 30605]]
6 [[5, 30605, 30506], [7, 30607, 30706], [11, 30611, 31106]]
7 [[2, 30702, 30207], [6, 30706, 30607], [8, 30708, 30807]]
8 [[7, 30807, 30708], [9, 30809, 30908], [13, 30813, 31308]]
9 [[4, 30904, 30409], [8, 30908, 30809], [10, 30910, 31009]]
10 [[1, 31001, 30110], [9, 31009, 30910], [11, 31011, 31110]]
11 [[6, 31106, 30611], [10, 31110, 31011], [12, 31112, 31211]]
12 [[3, 31203, 30312], [11, 31211, 31112], [13, 31213, 31312]]
13 [[0, 31300, 30013], [8, 31308, 30813], [12, 31312, 31213]]