84
12
0 [[1, 30001, 30100], [2, 30002, 30200], [3, 30003, 30300], [4, 30004, 30400], [5, 30005, 30500], [6, 30006, 30600], [7, 30007, 30700], [8, 30008, 30800], [9, 30009, 30900], [10, 30010, 31000], [11, 30011, 31100], [73, 30073, 37300]]
1 [[0, 30100, 30001], [2, 30102, 30201], [3, 30103, 30301], [4, 30104, 30401], [5, 30105, 30501], [6, 30106, 30601], [7, 30107, 30701], [8, 30108, 30801], [9, 30109, 30901], [10, 30110, 31001], [11, 30111, 31101], [12, 30112, 31201]]
2 [[0, 30200, 30002], [1, 30201, 30102], [3, 30203, 30302], [4, 30204, 30402], [5, 30205, 30502], [6, 30206, 30602], [7, 30207, 30702], [8, 30208, 30802], [9, 30209, 30902], [10, 30210, 31002], [11, 30211, 31102]]
3 [[0, 30300, 30003], [1, 30301, 30103], [2, 30302, 30203], [4, 30304, 30403], [5, 30305, 30503], [6, 30306, 30603], [7, 30307, 30703], [8, 30308, 30803], [9, 30309, 30903], [10, 30310, 31003], [11, 30311, 31103]]
4 [[0, 30400, 30004], [1, 30401, 30104], [2, 30402, 30204], [3, 30403, 30304], [5, 30405, 30504], [6, 30406, 30604], [7, 30407, 30704], [8, 30408, 30804], [9, 30409, 30904], [10, 30410, 31004], [11, 30411, 31104]]
5 [[0, 30500, 30005], [1, 30501, 30105], [2, 30502, 30205], [3, 30503, 30305], [4, 30504, 30405], [6, 30506, 30605], [7, 30507, 30705], [8, 30508, 30805], [9, 30509, 30905], [10, 30510, 31005], [11, 30511, 31105]]
6 [[0, 30600, 30006], [1, 30601, 30106], [2, 30602, 30206], [3, 30603, 30306], [4, 30604, 30406], [5, 30605, 30506], [7, 30607, 30706], [8, 30608, 30806], [9, 30609, 30906], [10, 30610, 31006], [11, 30611, 31106]]
7 [[0, 30700, 30007], [1, 30701, 30107], [2, 30702, 30207], [3, 30703, 30307], [4, 30704, 30407], [5, 30705, 30507], [6, 30706, 30607], [8, 30708, 30807], [9, 30709, 30907], [10, 30710, 31007], [11, 30711, 31107]]
8 [[0, 30800, 30008], [1, 30801, 30108], [2, 30802, 30208], [3, 30803, 30308], [4, 30804, 30408], [5, 30805, 30508], [6, 30806, 30608], [7, 30807, 30708], [9, 30809, 30908], [10, 30810, 31008], [11, 30811, 31108]]
9 [[0, 30900, 30009], [1, 30901, 30109], [2, 30902, 30209], [3, 30903, 30309], [4, 30904, 30409], [5, 30905, 30509], [6, 30906, 30609], [7, 30907, 30709], [8, 30908, 30809], [10, 30910, 31009], [11, 30911, 31109]]
10 [[0, 31000, 30010], [1, 31001, 30110], [2, 31002, 30210], [3, 31003, 30310], [4, 31004, 30410], [5, 31005, 30510], [6, 31006, 30610], [7, 31007, 30710], [8, 31008, 30810], [9, 31009, 30910], [11, 31011, 31110]]
11 [[0, 31100, 30011], [1, 31101, 30111], [2, 31102, 30211], [3, 31103, 30311], [4, 31104, 30411], [5, 31105, 30511], [6, 31106, 30611], [7, 31107, 30711], [8, 31108, 30811], [9, 31109, 30911], [10, 31110, 31011]]
12 [[1, 31201, 30112], [13, 31213, 31312], [14, 31214, 31412], [15, 31215, 31512], [16, 31216, 31612], [17, 31217, 31712], [18, 31218, 31812], [19, 31219, 31912], [20, 31220, 32012], [21, 31221, 32112], [22, 31222, 32212], [23, 31223, 32312]]
13 [[12, 31312, 31213], [14, 31314, 31413], [15, 31315, 31513], [16, 31316, 31613], [17, 31317, 31713], [18, 31318, 31813], [19, 31319, 31913], [20, 31320, 32013], [21, 31321, 32113], [22, 31322, 32213], [23, 31323, 32313], [24, 31324, 32413]]
14 [[12, 31412, 31214], [13, 31413, 31314], [15, 31415, 31514], [16, 31416, 31614], [17, 31417, 31714], [18, 31418, 31814], [19, 31419, 31914], [20, 31420, 32014], [21, 31421, 32114], [22, 31422, 32214], [23, 31423, 32314]]
15 [[12, 31512, 31215], [13, 31513, 31315], [14, 31514, 31415], [16, 31516, 31615], [17, 31517, 31715], [18, 31518, 31815], [19, 31519, 31915], [20, 31520, 32015], [21, 31521, 32115], [22, 31522, 32215], [23, 31523, 32315]]
16 [[12, 31612, 31216], [13, 31613, 31316], [14, 31614, 31416], [15, 31615, 31516], [17, 31617, 31716], [18, 31618, 31816], [19, 31619, 31916], [20, 31620, 32016], [21, 31621, 32116], [22, 31622, 32216], [23, 31623, 32316]]
17 [[12, 31712, 31217], [13, 31713, 31317], [14, 31714, 31417], [15, 31715, 31517], [16, 31716, 31617], [18, 31718, 31817], [19, 31719, 31917], [20, 31720, 32017], [21, 31721, 32117], [22, 31722, 32217], [23, 31723, 32317]]
18 [[12, 31812, 31218], [13, 31813, 31318], [14, 31814, 31418], [15, 31815, 31518], [16, 31816, 31618], [17, 31817, 31718], [19, 31819, 31918], [20, 31820, 32018], [21, 31821, 32118], [22, 31822, 32218], [23, 31823, 32318]]
19 [[12, 31912, 31219], [13, 31913, 31319], [14, 31914, 31419], [15, 31915, 31519], [16, 31916, 31619], [17, 31917, 31719], [18, 31918, 31819], [20, 31920, 32019], [21, 31921, 32119], [22, 31922, 32219], [23, 31923, 32319]]
20 [[12, 32012, 31220], [13, 32013, 31320], [14, 32014, 31420], [15, 32015, 31520], [16, 32016, 31620], [17, 32017, 31720], [18, 32018, 31820], [19, 32019, 31920], [21, 32021, 32120], [22, 32022, 32220], [23, 32023, 32320]]
21 [[12, 32112, 31221], [13, 32113, 31321], [14, 32114, 31421], [15, 32115, 31521], [16, 32116, 31621], [17, 32117, 31721], [18, 32118, 31821], [19, 32119, 31921], [20, 32120, 32021], [22, 32122, 32221], [23, 32123, 32321]]
22 [[12, 32212, 31222], [13, 32213, 31322], [14, 32214, 31422], [15, 32215, 31522], [16, 32216, 31622], [17, 32217, 31722], [18, 32218, 31822], [19, 32219, 31922], [20, 32220, 32022], [21, 32221, 32122], [23, 32223, 32322]]
23 [[12, 32312, 31223], [13, 32313, 31323], [14, 32314, 31423], [15, 32315, 31523], [16, 32316, 31623], [17, 32317, 31723], [18, 32318, 31823], [19, 32319, 31923], [20, 32320, 32023], [21, 32321, 32123], [22, 32322, 32223]]
24 [[13, 32413, 31324], [25, 32425, 32524], [26, 32426, 32624], [27, 32427, 32724], [28, 32428, 32824], [29, 32429, 32924], [30, 32430, 33024], [31, 32431, 33124], [32, 32432, 33224], [33, 32433, 33324], [34, 32434, 33424], [35, 32435, 33524]]
25 [[24, 32524, 32425], [26, 32526, 32625], [27, 32527, 32725], [28, 32528, 32825], [29, 32529, 32925], [30, 32530, 33025], [31, 32531, 33125], [32, 32532, 33225], [33, 32533, 33325], [34, 32534, 33425], [35, 32535, 33525], [36, 32536, 33625]]
26 [[24, 32624, 32426], [25, 32625, 32526], [27, 32627, 32726], [28, 32628, 32826], [29, 32629, 32926], [30, 32630, 33026], [31, 32631, 33126], [32, 32632, 33226], [33, 32633, 33326], [34, 32634, 33426], [35, 32635, 33526]]
27 [[24, 32724, 32427], [25, 32725, 32527], [26, 32726, 32627], [28, 32728, 32827], [29, 32729, 32927], [30, 32730, 33027], [31, 32731, 33127], [32, 32732, 33227], [33, 32733, 33327], [34, 32734, 33427], [35, 32735, 33527]]
28 [[24, 32824, 32428], [25, 32825, 32528], [26, 32826, 32628], [27, 32827, 32728], [29, 32829, 32928], [30, 32830, 33028], [31, 32831, 33128], [32, 32832, 33228], [33, 32833, 33328], [34, 32834, 33428], [35, 32835, 33528]]
29 [[24, 32924, 32429], [25, 32925, 32529], [26, 32926, 32629], [27, 32927, 32729], [28, 32928, 32829], [30, 32930, 33029], [31, 32931, 33129], [32, 32932, 33229], [33, 32933, 33329], [34, 32934, 33429], [35, 32935, 33529]]
30 [[24, 33024, 32430], [25, 33025, 32530], [26, 33026, 32630], [27, 33027, 32730], [28, 33028, 32830], [29, 33029, 32930], [31, 33031, 33130], [32, 33032, 33230], [33, 33033, 33330], [34, 33034, 33430], [35, 33035, 33530]]
31 [[24, 33124, 32431], [25, 33125, 32531], [26, 33126, 32631], [27, 33127, 32731], [28, 33128, 32831], [29, 33129, 32931], [30, 33130, 33031], [32, 33132, 33231], [33, 33133, 33331], [34, 33134, 33431], [35, 33135, 33531]]
32 [[24, 33224, 32432], [25, 33225, 32532], [26, 33226, 32632], [27, 33227, 32732], [28, 33228, 32832], [29, 33229, 32932], [30, 33230, 33032], [31, 33231, 33132], [33, 33233, 33332], [34, 33234, 33432], [35, 33235, 33532]]
33 [[24, 33324, 32433], [25, 33325, 32533], [26, 33326, 32633], [27, 33327, 32733], [28, 33328, 32833], [29, 33329, 32933], [30, 33330, 33033], [31, 33331, 33133], [32, 33332, 33233], [34, 33334, 33433], [35, 33335, 33533]]
34 [[24, 33424, 32434], [25, 33425, 32534], [26, 33426, 32634], [27, 33427, 32734], [28, 33428, 32834], [29, 33429, 32934], [30, 33430, 33034], [31, 33431, 33134], [32, 33432, 33234], [33, 33433, 33334], [35, 33435, 33534]]
35 [[24, 33524, 32435], [25, 33525, 32535], [26, 33526, 32635], [27, 33527, 32735], [28, 33528, 32835], [29, 33529, 32935], [30, 33530, 33035], [31, 33531, 33135], [32, 33532, 33235], [33, 33533, 33335], [34, 33534, 33435]]
36 [[25, 33625, 32536], [37, 33637, 33736], [38, 33638, 33836], [39, 33639, 33936], [40, 33640, 34036], [41, 33641, 34136], [42, 33642, 34236], [43, 33643, 34336], [44, 33644, 34436], [45, 33645, 34536], [46, 33646, 34636], [47, 33647, 34736]]
37 [[36, 33736, 33637], [38, 33738, 33837], [39, 33739, 33937], [40, 33740, 34037], [41, 33741, 34137], [42, 33742, 34237], [43, 33743, 34337], [44, 33744, 34437], [45, 33745, 34537], [46, 33746, 34637], [47, 33747, 34737], [48, 33748, 34837]]
38 [[36, 33836, 33638], [37, 33837, 33738], [39, 33839, 33938], [40, 33840, 34038], [41, 33841, 34138], [42, 33842, 34238], [43, 33843, 34338], [44, 33844, 34438], [45, 33845, 34538], [46, 33846, 34638], [47, 33847, 34738]]
39 [[36, 33936, 33639], [37, 33937, 33739], [38, 33938, 33839], [40, 33940, 34039], [41, 33941, 34139], [42, 33942, 34239], [43, 33943, 34339], [44, 33944, 34439], [45, 33945, 34539], [46, 33946, 34639], [47, 33947, 34739]]
40 [[36, 34036, 33640], [37, 34037, 33740], [38, 34038, 33840], [39, 34039, 33940], [41, 34041, 34140], [42, 34042, 34240], [43, 34043, 34340], [44, 34044, 34440], [45, 34045, 34540], [46, 34046, 34640], [47, 34047, 34740]]
41 [[36, 34136, 33641], [37, 34137, 33741], [38, 34138, 33841], [39, 34139, 33941], [40, 34140, 34041], [42, 34142, 34241], [43, 34143, 34341], [44, 34144, 34441], [45, 34145, 34541], [46, 34146, 34641], [47, 34147, 34741]]
42 [[36, 34236, 33642], [37, 34237, 33742], [38, 34238, 33842], [39, 34239, 33942], [40, 34240, 34042], [41, 34241, 34142], [43, 34243, 34342], [44, 34244, 34442], [45, 34245, 34542], [46, 34246, 34642], [47, 34247, 34742]]
43 [[36, 34336, 33643], [37, 34337, 33743], [38, 34338, 33843], [39, 34339, 33943], [40, 34340, 34043], [41, 34341, 34143], [42, 34342, 34243], [44, 34344, 34443], [45, 34345, 34543], [46, 34346, 34643], [47, 34347, 34743]]
44 [[36, 34436, 33644], [37, 34437, 33744], [38, 34438, 33844], [39, 34439, 33944], [40, 34440, 34044], [41, 34441, 34144], [42, 34442, 34244], [43, 34443, 34344], [45, 34445, 34544], [46, 34446, 34644], [47, 34447, 34744]]
45 [[36, 34536, 33645], [37, 34537, 33745], [38, 34538, 33845], [39, 34539, 33945], [40, 34540, 34045], [41, 34541, 34145], [42, 34542, 34245], [43, 34543, 34345], [44, 34544, 34445], [46, 34546, 34645], [47, 34547, 34745]]
46 [[36, 34636, 33646], [37, 34637, 33746], [38, 34638, 33846], [39, 34639, 33946], [40, 34640, 34046], [41, 34641, 34146], [42, 34642, 34246], [43, 34643, 34346], [44, 34644, 34446], [45, 34645, 34546], [47, 34647, 34746]]
47 [[36, 34736, 33647], [37, 34737, 33747], [38, 34738, 33847], [39, 34739, 33947], [40, 34740, 34047], [41, 34741, 34147], [42, 34742, 34247], [43, 34743, 34347], [44, 34744, 34447], [45, 34745, 34547], [46, 34746, 34647]]
48 [[37, 34837, 33748], [49, 34849, 34948], [50, 34850, 35048], [51, 34851, 35148], [52, 34852, 35248], [53, 34853, 35348], [54, 34854, 35448], [55, 34855, 35548], [56, 34856, 35648], [57, 34857, 35748], [58, 34858, 35848], [59, 34859, 35948]]
49 [[48, 34948, 34849], [50, 34950, 35049], [51, 34951, 35149], [52, 34952, 35249], [53, 34953, 35349], [54, 34954, 35449], [55, 34955, 35549], [56, 34956, 35649], [57, 34957, 35749], [58, 34958, 35849], [59, 34959, 35949], [60, 34960, 36049]]
50 [[48, 35048, 34850], [49, 35049, 34950], [51, 35051, 35150], [52, 35052, 35250], [53, 35053, 35350], [54, 35054, 35450], [55, 35055, 35550], [56, 35056, 35650], [57, 35057, 35750], [58, 35058, 35850], [59, 35059, 35950]]
51 [[48, 35148, 34851], [49, 35149, 34951], [50, 35150, 35051], [52, 35152, 35251], [53, 35153, 35351], [54, 35154, 35451], [55, 35155, 35551], [56, 35156, 35651], [57, 35157, 35751], [58, 35158, 35851], [59, 35159, 35951]]
52 [[48, 35248, 34852], [49, 35249, 34952], [50, 35250, 35052], [51, 35251, 35152], [53, 35253, 35352], [54, 35254, 35452], [55, 35255, 35552], [56, 35256, 35652], [57, 35257, 35752], [58, 35258, 35852], [59, 35259, 35952]]
53 [[48, 35348, 34853], [49, 35349, 34953], [50, 35350, 35053], [51, 35351, 35153], [52, 35352, 35253], [54, 35354, 35453], [55, 35355, 35553], [56, 35356, 35653], [57, 35357, 35753], [58, 35358, 35853], [59, 35359, 35953]]
54 [[48, 35448, 34854], [49, 35449, 34954], [50, 35450, 35054], [51, 35451, 35154], [52, 35452, 35254], [53, 35453, 35354], [55, 35455, 35554], [56, 35456, 35654], [57, 35457, 35754], [58, 35458, 35854], [59, 35459, 35954]]
55 [[48, 35548, 34855], [49, 35549, 34955], [50, 35550, 35055], [51, 35551, 35155], [52, 35552, 35255], [53, 35553, 35355], [54, 35554, 35455], [56, 35556, 35655], [57, 35557, 35755], [58, 35558, 35855], [59, 35559, 35955]]
56 [[48, 35648, 34856], [49, 35649, 34956], [50, 35650, 35056], [51, 35651, 35156], [52, 35652, 35256], [53, 35653, 35356], [54, 35654, 35456], [55, 35655, 35556], [57, 35657, 35756], [58, 35658, 35856], [59, 35659, 35956]]
57 [[48, 35748, 34857], [49, 35749, 34957], [50, 35750, 35057], [51, 35751, 35157], [52, 35752, 35257], [53, 35753, 35357], [54, 35754, 35457], [55, 35755, 35557], [56, 35756, 35657], [58, 35758, 35857], [59, 35759, 35957]]
58 [[48, 35848, 34858], [49, 35849, 34958], [50, 35850, 35058], [51, 35851, 35158], [52, 35852, 35258], [53, 35853, 35358], [54, 35854, 35458], [55, 35855, 35558], [56, 35856, 35658], [57, 35857, 35758], [59, 35859, 35958]]
59 [[48, 35948, 34859], [49, 35949, 34959], [50, 35950, 35059], [51, 35951, 35159], [52, 35952, 35259], [53, 35953, 35359], [54, 35954, 35459], [55, 35955, 35559], [56, 35956, 35659], [57, 35957, 35759], [58, 35958, 35859]]
60 [[49, 36049, 34960], [61, 36061, 36160], [62, 36062, 36260], [63, 36063, 36360], [64, 36064, 36460], [65, 36065, 36560], [66, 36066, 36660], [67, 36067, 36760], [68, 36068, 36860], [69, 36069, 36960], [70, 36070, 37060], [71, 36071, 37160]]
61 [[60, 36160, 36061], [62, 36162, 36261], [63, 36163, 36361], [64, 36164, 36461], [65, 36165, 36561], [66, 36166, 36661], [67, 36167, 36761], [68, 36168, 36861], [69, 36169, 36961], [70, 36170, 37061], [71, 36171, 37161], [72, 36172, 37261]]
62 [[60, 36260, 36062], [61, 36261, 36162], [63, 36263, 36362], [64, 36264, 36462], [65, 36265, 36562], [66, 36266, 36662], [67, 36267, 36762], [68, 36268, 36862], [69, 36269, 36962], [70, 36270, 37062], [71, 36271, 37162]]
63 [[60, 36360, 36063], [61, 36361, 36163], [62, 36362, 36263], [64, 36364, 36463], [65, 36365, 36563], [66, 36366, 36663], [67, 36367, 36763], [68, 36368, 36863], [69, 36369, 36963], [70, 36370, 37063], [71, 36371, 37163]]
64 [[60, 36460, 36064], [61, 36461, 36164], [62, 36462, 36264], [63, 36463, 36364], [65, 36465, 36564], [66, 36466, 36664], [67, 36467, 36764], [68, 36468, 36864], [69, 36469, 36964], [70, 36470, 37064], [71, 36471, 37164]]
65 [[60, 36560, 36065], [61, 36561, 36165], [62, 36562, 36265], [63, 36563, 36365], [64, 36564, 36465], [66, 36566, 36665], [67, 36567, 36765], [68, 36568, 36865], [69, 36569, 36965], [70, 36570, 37065], [71, 36571, 37165]]
66 [[60, 36660, 36066], [61, 36661, 36166], [62, 36662, 36266], [63, 36663, 36366], [64, 36664, 36466], [65, 36665, 36566], [67, 36667, 36766], [68, 36668, 36866], [69, 36669, 36966], [70, 36670, 37066], [71, 36671, 37166]]
67 [[60, 36760, 36067], [61, 36761, 36167], [62, 36762, 36267], [63, 36763, 36367], [64, 36764, 36467], [65, 36765, 36567], [66, 36766, 36667], [68, 36768, 36867], [69, 36769, 36967], [70, 36770, 37067], [71, 36771, 37167]]
68 [[60, 36860, 36068], [61, 36861, 36168], [62, 36862, 36268], [63, 36863, 36368], [64, 36864, 36468], [65, 36865, 36568], [66, 36866, 36668], [67, 36867, 36768], [69, 36869, 36968], [70, 36870, 37068], [71, 36871, 37168]]
69 [[60, 36960, 36069], [61, 36961, 36169], [62, 36962, 36269], [63, 36963, 36369], [64, 36964, 36469], [65, 36965, 36569], [66, 36966, 36669], [67, 36967, 36769], [68, 36968, 36869], [70, 36970, 37069], [71, 36971, 37169]]
70 [[60, 37060, 36070], [61, 37061, 36170], [62, 37062, 36270], [63, 37063, 36370], [64, 37064, 36470], [65, 37065, 36570], [66, 37066, 36670], [67, 37067, 36770], [68, 37068, 36870], [69, 37069, 36970], [71, 37071, 37170]]
71 [[60, 37160, 36071], [61, 37161, 36171], [62, 37162, 36271], [63, 37163, 36371], [64, 37164, 36471], [65, 37165, 36571], [66, 37166, 36671], [67, 37167, 36771], [68, 37168, 36871], [69, 37169, 36971], [70, 37170, 37071]]
72 [[61, 37261, 36172], [73, 37273, 37372], [74, 37274, 37472], [75, 37275, 37572], [76, 37276, 37672], [77, 37277, 37772], [78, 37278, 37872], [79, 37279, 37972], [80, 37280, 38072], [81, 37281, 38172], [82, 37282, 38272], [83, 37283, 38372]]
73 [[0, 37300, 30073], [72, 37372, 37273], [74, 37374, 37473], [75, 37375, 37573], [76, 37376, 37673], [77, 37377, 37773], [78, 37378, 37873], [79, 37379, 37973], [80, 37380, 38073], [81, 37381, 38173], [82, 37382, 38273], [83, 37383, 38373]]
74 [[72, 37472, 37274], [73, 37473, 37374], [75, 37475, 37574], [76, 37476, 37674], [77, 37477, 37774], [78, 37478, 37874], [79, 37479, 37974], [80, 37480, 38074], [81, 37481, 38174], [82, 37482, 38274], [83, 37483, 38374]]
75 [[72, 37572, 37275], [73, 37573, 37375], [74, 37574, 37475], [76, 37576, 37675], [77, 37577, 37775], [78, 37578, 37875], [79, 37579, 37975], [80, 37580, 38075], [81, 37581, 38175], [82, 37582, 38275], [83, 37583, 38375]]
76 [[72, 37672, 37276], [73, 37673, 37376], [74, 37674, 37476], [75, 37675, 37576], [77, 37677, 37776], [78, 37678, 37876], [79, 37679, 37976], [80, 37680, 38076], [81, 37681, 38176], [82, 37682, 38276], [83, 37683, 38376]]
77 [[72, 37772, 37277], [73, 37773, 37377], [74, 37774, 37477], [75, 37775, 37577], [76, 37776, 37677], [78, 37778, 37877], [79, 37779, 37977], [80, 37780, 38077], [81, 37781, 38177], [82, 37782, 38277], [83, 37783, 38377]]
78 [[72, 37872, 37278], [73, 37873, 37378], [74, 37874, 37478], [75, 37875, 37578], [76, 37876, 37678], [77, 37877, 37778], [79, 37879, 37978], [80, 37880, 38078], [81, 37881, 38178], [82, 37882, 38278], [83, 37883, 38378]]
79 [[72, 37972, 37279], [73, 37973, 37379], [74, 37974, 37479], [75, 37975, 37579], [76, 37976, 37679], [77, 37977, 37779], [78, 37978, 37879], [80, 37980, 38079], [81, 37981, 38179], [82, 37982, 38279], [83, 37983, 38379]]
80 [[72, 38072, 37280], [73, 38073, 37380], [74, 38074, 37480], [75, 38075, 37580], [76, 38076, 37680], [77, 38077, 37780], [78, 38078, 37880], [79, 38079, 37980], [81, 38081, 38180], [82, 38082, 38280], [83, 38083, 38380]]
81 [[72, 38172, 37281], [73, 38173, 37381], [74, 38174, 37481], [75, 38175, 37581], [76, 38176, 37681], [77, 38177, 37781], [78, 38178, 37881], [79, 38179, 37981], [80, 38180, 38081], [82, 38182, 38281], [83, 38183, 38381]]
82 [[72, 38272, 37282], [73, 38273, 37382], [74, 38274, 37482], [75, 38275, 37582], [76, 38276, 37682], [77, 38277, 37782], [78, 38278, 37882], [79, 38279, 37982], [80, 38280, 38082], [81, 38281, 38182], [83, 38283, 38382]]
83 [[72, 38372, 37283], [73, 38373, 37383], [74, 38374, 37483], [75, 38375, 37583], [76, 38376, 37683], [77, 38377, 37783], [78, 38378, 37883], [79, 38379, 37983], [80, 38380, 38083], [81, 38381, 38183], [82, 38382, 38283]]