99
17
0 [[1, 30001, 30100], [2, 30002, 30200], [6, 30006, 30600], [14, 30014, 31400], [16, 30016, 31600], [18, 30018, 31800], [22, 30022, 32200], [25, 30025, 32500], [48, 30048, 34800], [57, 30057, 35700], [62, 30062, 36200], [64, 30064, 36400], [80, 30080, 38000], [89, 30089, 38900], [91, 30091, 39100], [93, 30093, 39300], [95, 30095, 39500]]
1 [[0, 30100, 30001], [15, 30115, 31501], [17, 30117, 31701], [31, 30131, 33101], [41, 30141, 34101], [57, 30157, 35701], [64, 30164, 36401], [90, 30190, 39001]]
2 [[0, 30200, 30002], [6, 30206, 30602], [19, 30219, 31902], [36, 30236, 33602], [40, 30240, 34002], [57, 30257, 35702], [65, 30265, 36502], [74, 30274, 37402], [80, 30280, 38002], [93, 30293, 39302], [95, 30295, 39502], [97, 30297, 39702]]
3 [[5, 30305, 30503], [16, 30316, 31603], [27, 30327, 32703], [35, 30335, 33503], [45, 30345, 34503], [52, 30352, 35203], [54, 30354, 35403], [55, 30355, 35503], [60, 30360, 36003], [63, 30363, 36303], [72, 30372, 37203], [73, 30373, 37303], [78, 30378, 37803], [79, 30379, 37903]]
4 [[5, 30405, 30504], [9, 30409, 30904], [18, 30418, 31804], [26, 30426, 32604], [38, 30438, 33804], [39, 30439, 33904], [56, 30456, 35604], [67, 30467, 36704], [78, 30478, 37804], [79, 30479, 37904], [90, 30490, 39004]]
5 [[3, 30503, 30305], [4, 30504, 30405], [10, 30510, 31005], [20, 30520, 32005], [21, 30521, 32105], [24, 30524, 32405], [28, 30528, 32805], [40, 30540, 34005], [86, 30586, 38605]]
6 [[0, 30600, 30006], [2, 30602, 30206], [33, 30633, 33306], [48, 30648, 34806], [49, 30649, 34906], [61, 30661, 36106], [74, 30674, 37406], [76, 30676, 37606], [79, 30679, 37906], [83, 30683, 38306]]
7 [[13, 30713, 31307], [14, 30714, 31407], [21, 30721, 32107], [26, 30726, 32607], [51, 30751, 35107], [54, 30754, 35407], [61, 30761, 36107], [73, 30773, 37307], [75, 30775, 37507], [91, 30791, 39107], [96, 30796, 39607]]
8 [[11, 30811, 31108], [14, 30814, 31408], [17, 30817, 31708], [19, 30819, 31908], [50, 30850, 35008], [60, 30860, 36008], [67, 30867, 36708], [69, 30869, 36908], [72, 30872, 37208], [94, 30894, 39408], [95, 30895, 39508]]
9 [[4, 30904, 30409], [29, 30929, 32909], [43, 30943, 34309], [44, 30944, 34409], [66, 30966, 36609], [73, 30973, 37309], [86, 30986, 38609], [88, 30988, 38809]]
10 [[5, 31005, 30510], [12, 31012, 31210], [28, 31028, 32810], [57, 31057, 35710], [76, 31076, 37610]]
11 [[8, 31108, 30811], [14, 31114, 31411], [20, 31120, 32011], [21, 31121, 32111], [23, 31123, 32311], [24, 31124, 32411], [26, 31126, 32611], [32, 31132, 33211], [33, 31133, 33311], [59, 31159, 35911], [67, 31167, 36711], [68, 31168, 36811], [81, 31181, 38111], [83, 31183, 38311], [90, 31190, 39011]]
12 [[10, 31210, 31012], [17, 31217, 31712], [46, 31246, 34612], [71, 31271, 37112], [82, 31282, 38212], [92, 31292, 39212]]
13 [[7, 31307, 30713], [14, 31314, 31413], [20, 31320, 32013], [22, 31322, 32213], [29, 31329, 32913], [54, 31354, 35413], [55, 31355, 35513], [65, 31365, 36513]]
14 [[0, 31400, 30014], [7, 31407, 30714], [8, 31408, 30814], [11, 31411, 31114], [13, 31413, 31314], [44, 31444, 34414], [62, 31462, 36214], [64, 31464, 36414], [80, 31480, 38014], [81, 31481, 38114], [82, 31482, 38214], [87, 31487, 38714]]
15 [[1, 31501, 30115], [24, 31524, 32415], [27, 31527, 32715], [76, 31576, 37615], [93, 31593, 39315], [98, 31598, 39815]]
16 [[0, 31600, 30016], [3, 31603, 30316], [22, 31622, 32216], [28, 31628, 32816], [31, 31631, 33116], [33, 31633, 33316], [39, 31639, 33916], [42, 31642, 34216], [48, 31648, 34816], [50, 31650, 35016], [55, 31655, 35516], [69, 31669, 36916], [75, 31675, 37516], [77, 31677, 37716], [90, 31690, 39016], [93, 31693, 39316]]
17 [[1, 31701, 30117], [8, 31708, 30817], [12, 31712, 31217], [23, 31723, 32317], [35, 31735, 33517], [44, 31744, 34417], [51, 31751, 35117], [55, 31755, 35517], [60, 31760, 36017], [64, 31764, 36417], [75, 31775, 37517], [77, 31777, 37717]]
18 [[0, 31800, 30018], [4, 31804, 30418], [23, 31823, 32318], [25, 31825, 32518], [29, 31829, 32918], [33, 31833, 33318], [54, 31854, 35418], [55, 31855, 35518], [61, 31861, 36118], [73, 31873, 37318], [76, 31876, 37618]]
19 [[2, 31902, 30219], [8, 31908, 30819], [23, 31923, 32319], [47, 31947, 34719], [48, 31948, 34819], [51, 31951, 35119], [58, 31958, 35819], [60, 31960, 36019], [61, 31961, 36119], [69, 31969, 36919], [87, 31987, 38719], [94, 31994, 39419], [98, 31998, 39819]]
20 [[5, 32005, 30520], [11, 32011, 31120], [13, 32013, 31320], [46, 32046, 34620], [48, 32048, 34820], [49, 32049, 34920], [56, 32056, 35620], [67, 32067, 36720], [69, 32069, 36920], [72, 32072, 37220], [78, 32078, 37820], [86, 32086, 38620], [90, 32090, 39020], [92, 32092, 39220]]
21 [[5, 32105, 30521], [7, 32107, 30721], [11, 32111, 31121], [40, 32140, 34021], [60, 32160, 36021], [67, 32167, 36721], [75, 32175, 37521]]
22 [[0, 32200, 30022], [13, 32213, 31322], [16, 32216, 31622], [24, 32224, 32422], [32, 32232, 33222], [52, 32252, 35222], [55, 32255, 35522], [56, 32256, 35622], [57, 32257, 35722], [89, 32289, 38922], [97, 32297, 39722]]
23 [[11, 32311, 31123], [17, 32317, 31723], [18, 32318, 31823], [19, 32319, 31923], [38, 32338, 33823], [40, 32340, 34023], [44, 32344, 34423], [50, 32350, 35023], [66, 32366, 36623], [80, 32380, 38023], [91, 32391, 39123]]
24 [[5, 32405, 30524], [11, 32411, 31124], [15, 32415, 31524], [22, 32422, 32224], [30, 32430, 33024], [42, 32442, 34224], [48, 32448, 34824], [56, 32456, 35624], [75, 32475, 37524], [85, 32485, 38524], [86, 32486, 38624], [94, 32494, 39424]]
25 [[0, 32500, 30025], [18, 32518, 31825], [31, 32531, 33125], [41, 32541, 34125], [48, 32548, 34825], [49, 32549, 34925], [56, 32556, 35625], [61, 32561, 36125], [70, 32570, 37025], [77, 32577, 37725], [90, 32590, 39025]]
26 [[4, 32604, 30426], [7, 32607, 30726], [11, 32611, 31126], [30, 32630, 33026], [33, 32633, 33326], [48, 32648, 34826], [53, 32653, 35326], [66, 32666, 36626], [70, 32670, 37026], [72, 32672, 37226], [73, 32673, 37326], [86, 32686, 38626], [87, 32687, 38726], [95, 32695, 39526]]
27 [[3, 32703, 30327], [15, 32715, 31527], [38, 32738, 33827], [43, 32743, 34327], [46, 32746, 34627], [64, 32764, 36427], [67, 32767, 36727], [74, 32774, 37427], [77, 32777, 37727], [81, 32781, 38127], [82, 32782, 38227], [83, 32783, 38327], [87, 32787, 38727], [92, 32792, 39227], [95, 32795, 39527]]
28 [[5, 32805, 30528], [10, 32810, 31028], [16, 32816, 31628], [36, 32836, 33628], [37, 32837, 33728], [40, 32840, 34028], [46, 32846, 34628], [50, 32850, 35028], [52, 32852, 35228], [68, 32868, 36828], [77, 32877, 37728], [78, 32878, 37828], [87, 32887, 38728], [96, 32896, 39628]]
29 [[9, 32909, 30929], [13, 32913, 31329], [18, 32918, 31829], [36, 32936, 33629], [48, 32948, 34829], [57, 32957, 35729], [86, 32986, 38629], [88, 32988, 38829], [94, 32994, 39429]]
30 [[24, 33024, 32430], [26, 33026, 32630], [36, 33036, 33630], [42, 33042, 34230], [52, 33052, 35230], [69, 33069, 36930], [87, 33087, 38730], [94, 33094, 39430], [96, 33096, 39630]]
31 [[1, 33101, 30131], [16, 33116, 31631], [25, 33125, 32531], [42, 33142, 34231], [56, 33156, 35631], [62, 33162, 36231], [63, 33163, 36331], [67, 33167, 36731], [69, 33169, 36931], [86, 33186, 38631]]
32 [[11, 33211, 31132], [22, 33222, 32232], [35, 33235, 33532], [39, 33239, 33932], [46, 33246, 34632], [47, 33247, 34732], [65, 33265, 36532], [66, 33266, 36632], [76, 33276, 37632]]
33 [[6, 33306, 30633], [11, 33311, 31133], [16, 33316, 31633], [18, 33318, 31833], [26, 33326, 32633], [49, 33349, 34933], [53, 33353, 35333], [62, 33362, 36233], [71, 33371, 37133], [91, 33391, 39133]]
34 [[42, 33442, 34234], [46, 33446, 34634], [48, 33448, 34834], [67, 33467, 36734], [74, 33474, 37434], [80, 33480, 38034]]
35 [[3, 33503, 30335], [17, 33517, 31735], [32, 33532, 33235], [50, 33550, 35035], [57, 33557, 35735], [70, 33570, 37035], [85, 33585, 38535], [89, 33589, 38935], [92, 33592, 39235]]
36 [[2, 33602, 30236], [28, 33628, 32836], [29, 33629, 32936], [30, 33630, 33036], [43, 33643, 34336], [45, 33645, 34536], [47, 33647, 34736], [60, 33660, 36036], [61, 33661, 36136], [66, 33666, 36636], [80, 33680, 38036], [83, 33683, 38336], [88, 33688, 38836], [97, 33697, 39736]]
37 [[28, 33728, 32837], [48, 33748, 34837], [67, 33767, 36737], [69, 33769, 36937], [70, 33770, 37037], [80, 33780, 38037], [83, 33783, 38337], [89, 33789, 38937], [91, 33791, 39137], [93, 33793, 39337]]
38 [[4, 33804, 30438], [23, 33823, 32338], [27, 33827, 32738], [47, 33847, 34738], [54, 33854, 35438], [91, 33891, 39138]]
39 [[4, 33904, 30439], [16, 33916, 31639], [32, 33932, 33239], [53, 33953, 35339], [55, 33955, 35539], [61, 33961, 36139], [63, 33963, 36339], [72, 33972, 37239], [93, 33993, 39339], [98, 33998, 39839]]
40 [[2, 34002, 30240], [5, 34005, 30540], [21, 34021, 32140], [23, 34023, 32340], [28, 34028, 32840], [57, 34057, 35740], [74, 34074, 37440], [88, 34088, 38840], [98, 34098, 39840]]
41 [[1, 34101, 30141], [25, 34125, 32541], [51, 34151, 35141], [67, 34167, 36741], [74, 34174, 37441], [80, 34180, 38041], [86, 34186, 38641], [89, 34189, 38941]]
42 [[16, 34216, 31642], [24, 34224, 32442], [30, 34230, 33042], [31, 34231, 33142], [34, 34234, 33442], [62, 34262, 36242], [70, 34270, 37042], [74, 34274, 37442], [92, 34292, 39242], [97, 34297, 39742]]
43 [[9, 34309, 30943], [27, 34327, 32743], [36, 34336, 33643], [47, 34347, 34743], [53, 34353, 35343], [61, 34361, 36143], [62, 34362, 36243], [74, 34374, 37443], [75, 34375, 37543], [86, 34386, 38643], [93, 34393, 39343], [98, 34398, 39843]]
44 [[9, 34409, 30944], [14, 34414, 31444], [17, 34417, 31744], [23, 34423, 32344], [51, 34451, 35144], [59, 34459, 35944], [62, 34462, 36244], [73, 34473, 37344], [75, 34475, 37544], [83, 34483, 38344], [90, 34490, 39044]]
45 [[3, 34503, 30345], [36, 34536, 33645], [62, 34562, 36245], [65, 34565, 36545], [90, 34590, 39045]]
46 [[12, 34612, 31246], [20, 34620, 32046], [27, 34627, 32746], [28, 34628, 32846], [32, 34632, 33246], [34, 34634, 33446], [50, 34650, 35046], [69, 34669, 36946], [88, 34688, 38846], [89, 34689, 38946], [98, 34698, 39846]]
47 [[19, 34719, 31947], [32, 34732, 33247], [36, 34736, 33647], [38, 34738, 33847], [43, 34743, 34347], [88, 34788, 38847], [91, 34791, 39147], [93, 34793, 39347]]
48 [[0, 34800, 30048], [6, 34806, 30648], [16, 34816, 31648], [19, 34819, 31948], [20, 34820, 32048], [24, 34824, 32448], [25, 34825, 32548], [26, 34826, 32648], [29, 34829, 32948], [34, 34834, 33448], [37, 34837, 33748], [53, 34853, 35348], [69, 34869, 36948], [76, 34876, 37648], [77, 34877, 37748], [78, 34878, 37848], [81, 34881, 38148]]
49 [[6, 34906, 30649], [20, 34920, 32049], [25, 34925, 32549], [33, 34933, 33349], [58, 34958, 35849], [69, 34969, 36949], [84, 34984, 38449], [92, 34992, 39249], [93, 34993, 39349]]
50 [[8, 35008, 30850], [16, 35016, 31650], [23, 35023, 32350], [28, 35028, 32850], [35, 35035, 33550], [46, 35046, 34650]]
51 [[7, 35107, 30751], [17, 35117, 31751], [19, 35119, 31951], [41, 35141, 34151], [44, 35144, 34451], [76, 35176, 37651], [82, 35182, 38251], [97, 35197, 39751], [98, 35198, 39851]]
52 [[3, 35203, 30352], [22, 35222, 32252], [28, 35228, 32852], [30, 35230, 33052]]
53 [[26, 35326, 32653], [33, 35333, 33353], [39, 35339, 33953], [43, 35343, 34353], [48, 35348, 34853], [59, 35359, 35953], [64, 35364, 36453], [65, 35365, 36553], [74, 35374, 37453], [82, 35382, 38253]]
54 [[3, 35403, 30354], [7, 35407, 30754], [13, 35413, 31354], [18, 35418, 31854], [38, 35438, 33854], [55, 35455, 35554], [71, 35471, 37154]]
55 [[3, 35503, 30355], [13, 35513, 31355], [16, 35516, 31655], [17, 35517, 31755], [18, 35518, 31855], [22, 35522, 32255], [39, 35539, 33955], [54, 35554, 35455], [63, 35563, 36355], [68, 35568, 36855], [71, 35571, 37155], [76, 35576, 37655]]
56 [[4, 35604, 30456], [20, 35620, 32056], [22, 35622, 32256], [24, 35624, 32456], [25, 35625, 32556], [31, 35631, 33156], [65, 35665, 36556], [79, 35679, 37956], [98, 35698, 39856]]
57 [[0, 35700, 30057], [1, 35701, 30157], [2, 35702, 30257], [10, 35710, 31057], [22, 35722, 32257], [29, 35729, 32957], [35, 35735, 33557], [40, 35740, 34057], [58, 35758, 35857], [65, 35765, 36557], [67, 35767, 36757], [77, 35777, 37757], [80, 35780, 38057]]
58 [[19, 35819, 31958], [49, 35849, 34958], [57, 35857, 35758], [59, 35859, 35958], [61, 35861, 36158], [85, 35885, 38558], [92, 35892, 39258], [97, 35897, 39758]]
59 [[11, 35911, 31159], [44, 35944, 34459], [53, 35953, 35359], [58, 35958, 35859], [85, 35985, 38559], [87, 35987, 38759]]
60 [[3, 36003, 30360], [8, 36008, 30860], [17, 36017, 31760], [19, 36019, 31960], [21, 36021, 32160], [36, 36036, 33660], [67, 36067, 36760], [74, 36074, 37460], [77, 36077, 37760], [81, 36081, 38160], [91, 36091, 39160]]
61 [[6, 36106, 30661], [7, 36107, 30761], [18, 36118, 31861], [19, 36119, 31961], [25, 36125, 32561], [36, 36136, 33661], [39, 36139, 33961], [43, 36143, 34361], [58, 36158, 35861]]
62 [[0, 36200, 30062], [14, 36214, 31462], [31, 36231, 33162], [33, 36233, 33362], [42, 36242, 34262], [43, 36243, 34362], [44, 36244, 34462], [45, 36245, 34562], [72, 36272, 37262]]
63 [[3, 36303, 30363], [31, 36331, 33163], [39, 36339, 33963], [55, 36355, 35563], [65, 36365, 36563], [70, 36370, 37063], [71, 36371, 37163], [73, 36373, 37363], [91, 36391, 39163], [93, 36393, 39363], [95, 36395, 39563], [98, 36398, 39863]]
64 [[0, 36400, 30064], [1, 36401, 30164], [14, 36414, 31464], [17, 36417, 31764], [27, 36427, 32764], [53, 36453, 35364], [75, 36475, 37564], [77, 36477, 37764], [78, 36478, 37864], [81, 36481, 38164], [86, 36486, 38664], [87, 36487, 38764]]
65 [[2, 36502, 30265], [13, 36513, 31365], [32, 36532, 33265], [45, 36545, 34565], [53, 36553, 35365], [56, 36556, 35665], [57, 36557, 35765], [63, 36563, 36365], [67, 36567, 36765], [88, 36588, 38865], [93, 36593, 39365]]
66 [[9, 36609, 30966], [23, 36623, 32366], [26, 36626, 32666], [32, 36632, 33266], [36, 36636, 33666], [80, 36680, 38066], [86, 36686, 38666], [92, 36692, 39266], [98, 36698, 39866]]
67 [[4, 36704, 30467], [8, 36708, 30867], [11, 36711, 31167], [20, 36720, 32067], [21, 36721, 32167], [27, 36727, 32767], [31, 36731, 33167], [34, 36734, 33467], [37, 36737, 33767], [41, 36741, 34167], [57, 36757, 35767], [60, 36760, 36067], [65, 36765, 36567], [78, 36778, 37867]]
68 [[11, 36811, 31168], [28, 36828, 32868], [55, 36855, 35568], [79, 36879, 37968], [80, 36880, 38068]]
69 [[8, 36908, 30869], [16, 36916, 31669], [19, 36919, 31969], [20, 36920, 32069], [30, 36930, 33069], [31, 36931, 33169], [37, 36937, 33769], [46, 36946, 34669], [48, 36948, 34869], [49, 36949, 34969], [80, 36980, 38069], [84, 36984, 38469]]
70 [[25, 37025, 32570], [26, 37026, 32670], [35, 37035, 33570], [37, 37037, 33770], [42, 37042, 34270], [63, 37063, 36370]]
71 [[12, 37112, 31271], [33, 37133, 33371], [54, 37154, 35471], [55, 37155, 35571], [63, 37163, 36371], [74, 37174, 37471], [77, 37177, 37771], [91, 37191, 39171]]
72 [[3, 37203, 30372], [8, 37208, 30872], [20, 37220, 32072], [26, 37226, 32672], [39, 37239, 33972], [62, 37262, 36272]]
73 [[3, 37303, 30373], [7, 37307, 30773], [9, 37309, 30973], [18, 37318, 31873], [26, 37326, 32673], [44, 37344, 34473], [63, 37363, 36373], [75, 37375, 37573], [86, 37386, 38673], [87, 37387, 38773], [92, 37392, 39273]]
74 [[2, 37402, 30274], [6, 37406, 30674], [27, 37427, 32774], [34, 37434, 33474], [40, 37440, 34074], [41, 37441, 34174], [42, 37442, 34274], [43, 37443, 34374], [53, 37453, 35374], [60, 37460, 36074], [71, 37471, 37174], [75, 37475, 37574], [77, 37477, 37774], [87, 37487, 38774], [95, 37495, 39574], [98, 37498, 39874]]
75 [[7, 37507, 30775], [16, 37516, 31675], [17, 37517, 31775], [21, 37521, 32175], [24, 37524, 32475], [43, 37543, 34375], [44, 37544, 34475], [64, 37564, 36475], [73, 37573, 37375], [74, 37574, 37475], [98, 37598, 39875]]
76 [[6, 37606, 30676], [10, 37610, 31076], [15, 37615, 31576], [18, 37618, 31876], [32, 37632, 33276], [48, 37648, 34876], [51, 37651, 35176], [55, 37655, 35576], [84, 37684, 38476]]
77 [[16, 37716, 31677], [17, 37717, 31777], [25, 37725, 32577], [27, 37727, 32777], [28, 37728, 32877], [48, 37748, 34877], [57, 37757, 35777], [60, 37760, 36077], [64, 37764, 36477], [71, 37771, 37177], [74, 37774, 37477], [96, 37796, 39677]]
78 [[3, 37803, 30378], [4, 37804, 30478], [20, 37820, 32078], [28, 37828, 32878], [48, 37848, 34878], [64, 37864, 36478], [67, 37867, 36778], [79, 37879, 37978]]
79 [[3, 37903, 30379], [4, 37904, 30479], [6, 37906, 30679], [56, 37956, 35679], [68, 37968, 36879], [78, 37978, 37879], [90, 37990, 39079]]
80 [[0, 38000, 30080], [2, 38002, 30280], [14, 38014, 31480], [23, 38023, 32380], [34, 38034, 33480], [36, 38036, 33680], [37, 38037, 33780], [41, 38041, 34180], [57, 38057, 35780], [66, 38066, 36680], [68, 38068, 36880], [69, 38069, 36980], [97, 38097, 39780]]
81 [[11, 38111, 31181], [14, 38114, 31481], [27, 38127, 32781], [48, 38148, 34881], [60, 38160, 36081], [64, 38164, 36481], [87, 38187, 38781], [92, 38192, 39281], [96, 38196, 39681], [98, 38198, 39881]]
82 [[12, 38212, 31282], [14, 38214, 31482], [27, 38227, 32782], [51, 38251, 35182], [53, 38253, 35382], [96, 38296, 39682], [98, 38298, 39882]]
83 [[6, 38306, 30683], [11, 38311, 31183], [27, 38327, 32783], [36, 38336, 33683], [37, 38337, 33783], [44, 38344, 34483]]
84 [[49, 38449, 34984], [69, 38469, 36984], [76, 38476, 37684], [98, 38498, 39884]]
85 [[24, 38524, 32485], [35, 38535, 33585], [58, 38558, 35885], [59, 38559, 35985], [88, 38588, 38885]]
86 [[5, 38605, 30586], [9, 38609, 30986], [20, 38620, 32086], [24, 38624, 32486], [26, 38626, 32686], [29, 38629, 32986], [31, 38631, 33186], [41, 38641, 34186], [43, 38643, 34386], [64, 38664, 36486], [66, 38666, 36686], [73, 38673, 37386], [90, 38690, 39086], [92, 38692, 39286]]
87 [[14, 38714, 31487], [19, 38719, 31987], [26, 38726, 32687], [27, 38727, 32787], [28, 38728, 32887], [30, 38730, 33087], [59, 38759, 35987], [64, 38764, 36487], [73, 38773, 37387], [74, 38774, 37487], [81, 38781, 38187], [94, 38794, 39487]]
88 [[9, 38809, 30988], [29, 38829, 32988], [36, 38836, 33688], [40, 38840, 34088], [46, 38846, 34688], [47, 38847, 34788], [65, 38865, 36588], [85, 38885, 38588]]
89 [[0, 38900, 30089], [22, 38922, 32289], [35, 38935, 33589], [37, 38937, 33789], [41, 38941, 34189], [46, 38946, 34689], [96, 38996, 39689]]
90 [[1, 39001, 30190], [4, 39004, 30490], [11, 39011, 31190], [16, 39016, 31690], [20, 39020, 32090], [25, 39025, 32590], [44, 39044, 34490], [45, 39045, 34590], [79, 39079, 37990], [86, 39086, 38690]]
91 [[0, 39100, 30091], [7, 39107, 30791], [23, 39123, 32391], [33, 39133, 33391], [37, 39137, 33791], [38, 39138, 33891], [47, 39147, 34791], [60, 39160, 36091], [63, 39163, 36391], [71, 39171, 37191], [93, 39193, 39391]]
92 [[12, 39212, 31292], [20, 39220, 32092], [27, 39227, 32792], [35, 39235, 33592], [42, 39242, 34292], [49, 39249, 34992], [58, 39258, 35892], [66, 39266, 36692], [73, 39273, 37392], [81, 39281, 38192], [86, 39286, 38692]]
93 [[0, 39300, 30093], [2, 39302, 30293], [15, 39315, 31593], [16, 39316, 31693], [37, 39337, 33793], [39, 39339, 33993], [43, 39343, 34393], [47, 39347, 34793], [49, 39349, 34993], [63, 39363, 36393], [65, 39365, 36593], [91, 39391, 39193], [97, 39397, 39793]]
94 [[8, 39408, 30894], [19, 39419, 31994], [24, 39424, 32494], [29, 39429, 32994], [30, 39430, 33094], [87, 39487, 38794]]
95 [[0, 39500, 30095], [2, 39502, 30295], [8, 39508, 30895], [26, 39526, 32695], [27, 39527, 32795], [63, 39563, 36395], [74, 39574, 37495]]
96 [[7, 39607, 30796], [28, 39628, 32896], [30, 39630, 33096], [77, 39677, 37796], [81, 39681, 38196], [82, 39682, 38296], [89, 39689, 38996]]
97 [[2, 39702, 30297], [22, 39722, 32297], [36, 39736, 33697], [42, 39742, 34297], [51, 39751, 35197], [58, 39758, 35897], [80, 39780, 38097], [93, 39793, 39397], [98, 39798, 39897]]
98 [[15, 39815, 31598], [19, 39819, 31998], [39, 39839, 33998], [40, 39840, 34098], [43, 39843, 34398], [46, 39846, 34698], [51, 39851, 35198], [56, 39856, 35698], [63, 39863, 36398], [66, 39866, 36698], [74, 39874, 37498], [75, 39875, 37598], [81, 39881, 38198], [82, 39882, 38298], [84, 39884, 38498], [97, 39897, 39798]]
