15
3
0 [[1, 30001, 30100], [2, 30002, 30200]]
1 [[0, 30100, 30001], [3, 30103, 30301], [4, 30104, 30401]]
2 [[0, 30200, 30002], [5, 30205, 30502], [6, 30206, 30602]]
3 [[1, 30301, 30103], [7, 30307, 30703], [8, 30308, 30803]]
4 [[1, 30401, 30104], [9, 30409, 30904], [10, 30410, 31004]]
5 [[2, 30502, 30205], [11, 30511, 31105], [12, 30512, 31205]]
6 [[2, 30602, 30206], [13, 30613, 31306], [14, 30614, 31406]]
7 [[3, 30703, 30307]]
8 [[3, 30803, 30308]]
9 [[4, 30904, 30409]]
10 [[4, 31004, 30410]]
11 [[5, 31105, 30511]]
12 [[5, 31205, 30512]]
13 [[6, 31306, 30613]]
14 [[6, 31406, 30614]]