10
3
0 [[1, 30001, 30100], [5, 30005, 30500]]
1 [[0, 30100, 30001], [2, 30102, 30201], [6, 30106, 30601]]
2 [[1, 30201, 30102], [3, 30203, 30302], [7, 30207, 30702]]
3 [[2, 30302, 30203], [4, 30304, 30403], [8, 30308, 30803]]
4 [[3, 30403, 30304], [9, 30409, 30904]]
5 [[0, 30500, 30005], [6, 30506, 30605]]
6 [[1, 30601, 30106], [5, 30605, 30506], [7, 30607, 30706]]
7 [[2, 30702, 30207], [6, 30706, 30607], [8, 30708, 30807]]
8 [[3, 30803, 30308], [7, 30807, 30708], [9, 30809, 30908]]
9 [[4, 30904, 30409], [8, 30908, 30809]]